 8834;
8835;
8612;
8615;
8576;
8577;
8773;
8774;
8775;
8777;
8577;
8578;
8580;
8593;
8594;
8794;
8798;
8799;
6673;
6676;
622;
6676;
6677;
6678;
6681;
6686;
6587;
6589;
6722;
6723;
6725;
6727;
6728;
6730;
6731;
6739;
6746;
6589;
6590;
6686;
6687;
8799;
8803;
8594;
8596;
8597;
8598;
8601;
8602;
6621;
6626;
622;
6626;
6627;
6629;
6632;
6633;
6636;
6643;
6648;
6653;
6656;
6657;
6658;
6669;
8602;
8603;
8794;
8798;
8799;
6673;
6676;
622;
6676;
6677;
6678;
6681;
6686;
6587;
6589;
6722;
6723;
6725;
6727;
6728;
6730;
6731;
6739;
6746;
6589;
6590;
6686;
6687;
8799;
8803;
8603;
8604;
6621;
6626;
622;
6626;
6627;
6629;
6632;
6633;
6636;
6643;
6648;
6653;
6656;
6657;
6658;
6669;
8604;
8608;
8612;
8817;
8808;
8809;
8811;
8812;
8813;
8814;
8815;
8817;
8821;
8822;
8823;
8833;
8818;
8871;
8872;
8873;
8874;
8875;
8877;
8930;
8933;
8934;
8937;
8766;
8937;
8938;
8941;
8785;
8789;
9001;
6621;
6626;
622;
6626;
6627;
6629;
6632;
6633;
6636;
6643;
6648;
6653;
6656;
6657;
6658;
6669;
9001;
8789;
8941;
8944;
8818;
8833;
8835;
8612;
8615;
8621;
2122;
2125;
2128;
2152;
2153;
660;
659;
667;
271;
2148;
8626;
46;
3332;
3334;
3321;
3317;
3346;
3350;
2941;
2942;
8698;
8950;
8951;
8952;
8954;
8955;
8957;
8818;
8871;
8872;
8693;
8694;
879;
8694;
8872;
8873;
8874;
8875;
8877;
8930;
8933;
8934;
8937;
8766;
8937;
8938;
8941;
8785;
8789;
8987;
8988;
8991;
8789;
8941;
8944;
8818;
8957;
8954;
8955;
8957;
8818;
8871;
8872;
8873;
8874;
8875;
8877;
8930;
8933;
8934;
8937;
8766;
8937;
8938;
8941;
8785;
8789;
9001;
6621;
6626;
622;
6626;
6627;
6629;
6632;
6633;
6636;
6643;
6648;
6653;
6656;
6657;
6658;
6669;
9001;
8789;
8941;
8944;
8818;
8957;
8954;
8962;
8964;
8698;
8950;
8951;
8952;
8954;
8955;
8957;
8818;
8871;
8872;
8693;
8694;
879;
8694;
8872;
8873;
8874;
8875;
8877;
8930;
8933;
8934;
8937;
8766;
8937;
8938;
8941;
8785;
8789;
8987;
8988;
8991;
8789;
8941;
8944;
8818;
8957;
8954;
8955;
8957;
8818;
8871;
8872;
8873;
8874;
8875;
8877;
8930;
8933;
8934;
8937;
8766;
8937;
8938;
8941;
8785;
8789;
9001;
6621;
6626;
622;
6626;
6627;
6629;
6632;
6633;
6636;
6643;
6648;
6653;
6656;
6657;
6658;
6669;
9001;
8789;
8941;
8944;
8818;
8957;
8954;
8962;
8964;
8698;
8950;
8951;
8952;
8954;
8955;
8957;
8818;
8871;
8872;
8693;
8694;
879;
8694;
8872;
8873;
8874;
8875;
8877;
8930;
8933;
8934;
8937;
8766;
8937;
8938;
8941;
8785;
8789;
8987;
8988;
8991;
8789;
8941;
8944;
8818;
8957;
8954;
8955;
8957;
8818;
8871;
8872;
8873;
8874;
8875;
8877;
8930;
8933;
8934;
8937;
8766;
8937;
8938;
8941;
8785;
8789;
9001;
6621;
6626;
622;
6626;
6627;
6629;
6632;
6633;
6636;
6643;
6648;
6653;
6656;
6657;
6658;
6669;
9001;
8789;
8941;
8944;
8818;
8957;
8954;
8962;
8964;
8698;
8950;
8951;
8952;
8954;
8955;
8957;
8818;
8871;
8872;
8693;
8694;
879;
8694;
8872;
8873;
8874;
8875;
8877;
8878;
8879;
8880;
8785;
8789;
8987;
8988;
8991;
8789;
8880;
8882;
8884;
8886;
8884;
8885;
8886;
8884;
8885;
8886;
8890;
8926;
8818;
8957;
8958;
8954;
8955;
8957;
8818;
8871;
8872;
8873;
8874;
8875;
8877;
8878;
8879;
8880;
8785;
8789;
9001;
6621;
6626;
622;
6626;
6627;
6629;
6632;
6633;
6636;
6643;
6648;
6653;
6656;
6657;
6658;
6669;
9001;
8789;
8880;
8882;
8884;
8886;
8884;
8885;
8886;
8884;
8885;
8886;
8890;
8892;
8900;
8905;
8918;
8919;
8921;
8922;
8747;
493;
509;
511;
493;
8747;
8751;
8752;
2101;
2103;
2083;
2084;
2085;
2086;
1893;
1694;
1898;
1899;
1901;
1906;
1694;
1698;
1699;
1700;
1704;
1708;
1712;
1713;
1717;
1721;
1731;
1743;
1751;
1756;
1764;
1770;
1776;
1779;
1782;
1785;
1791;
1893;
2086;
2089;
2096;
2103;
2104;
2105;
2108;
2109;
2112;
2125;
2126;
1795;
1898;
1899;
1901;
1906;
1795;
1799;
1802;
1804;
1807;
1810;
1814;
1818;
1820;
1822;
1825;
1828;
1833;
622;
1833;
1834;
1837;
1842;
1843;
1842;
1843;
1842;
1848;
2017;
2024;
2028;
1848;
1855;
1869;
1870;
1877;
1881;
1882;
1888;
2126;
2127;
2035;
2036;
2037;
2038;
1893;
1694;
1898;
1899;
1901;
1906;
1694;
1698;
1699;
1700;
1704;
1708;
1712;
1713;
1717;
1718;
1893;
2038;
2039;
2041;
2051;
2127;
2128;
8752;
8755;
8922;
8926;
8818;
8957;
8958;
8954;
8962;
8963;
8970;
8971;
8963;
8964;
8698;