1
7
197
280
287
305
313
318
326
331
348
350
361
366
381
388
416
429
453
458
475
526
575
586
772
809
826
843
853
860
904
911
1858
2110
2324
2355
2463
2512
2566
2558
2
3
4
1
7
122
138
147
162
163
165
167
7
9
14
15
16
17
18
19
21
27
30
32
39
41
42
43
48
50
52
53
54
147
149
151
156
159
147
55
58
75
97
113
119
7
168
165
167
7
9
14
15
16
17
18
19
21
27
30
32
39
41
42
43
48
50
52
53
54
147
149
151
156
159
147
55
58
75
97
113
119
7
168
165
167
7
9
14
15
16
17
18
19
21
27
30
32
39
41
42
43
48
50
52
53
54
147
149
151
156
159
147
55
58
75
97
113
119
7
168
165
167
7
9
14
15
16
17
18
19
21
27
30
32
39
41
42
43
48
50
52
53
54
147
149
151
156
159
147
55
58
75
97
113
119
7
168
165
167
7
9
14
15
16
17
18
19
21
27
30
32
39
41
42
43
48
50
52
53
54
147
149
151
156
159
147
55
58
75
97
113
119
7
168
165
167
7
9
14
15
16
17
18
19
21
27
30
32
39
41
42
43
48
50
52
53
54
147
149
151
156
159
147
55
58
75
97
113
119
7
168
165
171
173
175
147
149
151
156
159
147
176
173
175
147
149
151
156
159
147
176
173
175
147
149
151
156
159
147
176
173
180
181
182
179
185
187
189
122
124
135
122
190
187
189
122
124
126
132
135
122
190
187
189
122
124
135
122
190
187
189
122
124
126
132
135
122
190
187
189
122
124
126
132
135
122
190
187
189
122
124
126
132
135
122
190
187
189
122
124
126
132
135
122
190
187
189
122
124
126
132
135
122
190
187
189
122
124
126
132
135
122
190
187
189
122
124
126
132
135
122
190
187
189
122
124
126
132
135
122
190
187
189
122
124
126
132
135
122
190
187
189
122
124
126
132
135
122
190
187
189
122
124
126
132
135
122
190
187
193
185
187
189
122
124
135
122
190
187
189
122
124
126
132
135
122
190
187
189
122
124
126
132
135
122
190
187
189
122
124
126
132
135
122
190
187
189
122
124
126
132
135
122
190
187
189
122
124
126
132
135
122
190
187
189
122
124
126
132
135
122
190
187
189
122
124
126
132
135
122
190
187
189
122
124
126
132
135
122
190
187
189
122
124
126
132
135
122
190
187
189
122
124
126
132
135
122
190
187
189
122
124
126
132
135
122
190
187
189
122
124
126
132
135
122
190
187
189
122
124
126
132
135
122
190
187
189
122
124
126
132
135
122
190
187
193
185
162
197
198
200
202
197
7
9
14
15
16
17
18
19
21
27
30
32
39
41
42
43
48
50
52
53
54
147
149
151
156
159
147
55
58
75
97
113
119
7
197
219
220
221
234
250
219
97
99
104
106
58
60
62
65
67
122
124
126
132
135
122
68
71
27
72
58
107
104
106
58
60
62
65
67
122
124
126
132
135
122
68
71
27
72
58
107
104
106
58
60
62
65
67
122
124
126
132
135
122
68
71
27
72
58
107
104
110
97
266
75
77
79
80
82
58
60
62
65
67
122
124
126
132
135
122
68
71
27
72
58
82
83
75
268
269
270
268
97
99
104
106
58
60
65
67
122
124
126
132
135
122
68
71
27
72
58
107
104
110
97
280
281
283
75
77
79
80
82
58
60
62
65
67
122
124
126
132
135
122
68
71
27
72
58
82
83
75
285
453
575
577
583
586
587
588
589
591
592
593
594
590
597
600
601
628
655
682
599
703
586
381
383
126
128
129
126
383
384
385
388
390
392
394
475
477
482
494
511
523
475
394
399
401
403
409
526
529
475
477
482
494
511
523
475
529
531
532
533
535
526
529
475
477
482
484
490
475
529
531
538
541
548
549
526
535
533
535
526
529
475
477
482
484
490
475
529
531
538
541
548
549
526
535
533
537
552
526
409
399
401
403
409
526
529
475
477
482
494
511
523
475
529
531
532
533
535
526
529
475
477
482
484
490
475
529
531
538
541
548
549
526
535
533
537
552
526
409
399
401
403
409
526
529
475
477
482
494
511
523
475
529
531
532
533
535
526
529
475
477
482
494
511
523
475
529
531
538
541
548
549
526
535
533
535
526
529
475
477
482
494
511
523
475
529
531
538
541
548
549
526
535
533
535
526
529
475
477
482
494
511
523
475
529
531
538
541
548
549
526
535
533
537
552
526
409
399
401
403
409
526
529
475
477
482
494
511
523
475
529
531
532
533
537
552
526
409
399
401
403
409
526
529
475
477
482
494
511
523
475
529
531
532
533
535
526
529
475
477
482
484
490
475
529
531
538
541
548
549
526
535
533
535
526
529
475
477
482
484
490
475
529
531
538
541
548
549
526
535
533
535
526
529
475
477
482
484
490
475
529
531
538
541
548
549
526
535
533
535
526
529
475
477
482
484
490
475
529
531
538
541
548
549
526
535
533
537
552
526
409
399
390
392
394
475
477
482
494
511
523
475
394
399
390
413
388
385
381
586
705
707
726
707
709
711
601
604
606
601
711
712
709
711
628
631
633
628
711
712
709
711
655
658
660
655
711
712
709
711
682
685
691
693
682
711
712
714
715
716
720
721
722
720
707
728
748
728
730
735
740
745
458
460
462
464
730
732
730
464
458
745
728
748
750
752
757
762
458
460
462
464
752
754
752
464
458
762
764
766
767
768
766
750
807
809
826
843
844
850
853
855
857
860
861
862
864
866
894
860
7
9
14
15
16
17
18
19
21
23
30
32
39
41
42
43
45
48
50
52
53
54
147
149
151
156
159
147
55
58
75
97
113
119
7
860
900
902
866
868
826
828
830
836
839
826
870
889
891
350
352
353
355
353
358
350
891
866
904
906
908
911
912
913
914
916
943
911
7
9
14
15
16
17
18
19
21
23
30
32
39
41
42
43
45
48
50
52
53
54
147
149
151
156
159
147
55
58
75
97
113
119
7
911
949
951
916
918
826
828
830
836
839
826
920
921
923
931
940
350
352
353
355
353
358
350
940
916
970
971
972
985
1000
1005
1018
1030
1043
1055
1075
1080
1090
1102
1114
1124
1134
1146
1152
1182
1209
970
97
99
104
106
58
60
65
67
122
124
126
132
135
122
68
71
27
72
58
107
104
106
58
60
65
67
122
124
126
132
135
122
68
71
27
72
58
107
104
106
58
60
62
65
67
122
124
126
132
135
122
68
71
27
72
58
107
104
106
58
60
65
67
122
124
135
122
68
71
27
72
58
107
104
106
58
60
65
67
122
124
126
132
135
122
68
71
27
72
58
107
104
106
58
60
65
67
122
124
126
132
135
122
68
71
27
72
58
107
104
106
58
60
62
65
67
122
124
126
132
135
122
68
71
27
72
58
107
104
106
58
60
62
65
67
122
124
126
132
135
122
68
71
27
72
58
107
104
106
58
60
62
65
67
122
124
126
132
135
122
68
71
27
72
58
107
104
106
58
60
62
65
67
122
124
126
132
135
122
68
71
27
72
58
107
104
106
58
60
62
65
67
122
124
126
132
135
122
68
71
27
72
58
107
104
106
58
60
62
65
67
122
124
126
132
135
122
68
71
27
72
58
107
104
106
58
60
62
65
67
122
124
126
132
135
122
68
71
27
72
58
107
104
106
58
60
62
65
67
122
124
126
132
135
122
68
71
27
72
58
107
104
106
58
60
62
65
67
122
124
126
132
135
122
68
71
27
72
58
107
104
106
58
60
62
65
67
122
124
126
132
135
122
68
71
27
72
58
107
104
106
58
60
62
65
67
122
124
126
132
135
122
68
71
27
72
58
107
104
106
58
60
62
65
67
122
124
126
132
135
122
68
71
27
72
58
107
104
106
58
60
62
65
67
122
124
126
132
135
122
68
71
27
72
58
107
104
110
97
1264
1265
1266
1275
1346
1351
1356
1361
1366
1371
1376
1264
97
99
104
106
58
60
62
65
67
122
124
126
132
135
122
68
71
27
72
58
107
104
106
58
60
62
65
67
122
124
126
132
135
122
68
71
27
72
58
107
104
106
58
60
62
65
67
122
124
126
132
135
122
68
71
27
72
58
107
104
106
58
60
62
65
67
122
124
126
132
135
122
68
71
27
72
58
107
104
106
58
60
65
67
122
124
126
132
135
122
68
71
27
72
58
107
104
106
58
60
62
65
67
122
124
126
132
135
122
68
71
27
72
58
107
104
106
58
60
62
65
67
122
124
126
132
135
122
68
71
27
72
58
107
104
106
58
60
62
65
67
122
124
126
132
135
122
68
71
27
72
58
107
104
106
58
60
62
65
67
122
124
126
132
135
122
68
71
27
72
58
107
104
110
97
1394
1395
1396
1400
1406
1414
1419
1394
97
99
104
106
58
60
62
65
67
122
124
126
132
135
122
68
71
27
72
58
107
104
106
58
60
62
65
67
122
124
126
132
135
122
68
71
27
72
58
107
104
106
58
60
62
65
67
122
124
126
132
135
122
68
71
27
72
58
107
104
106
58
60
62
65
67
122
124
126
132
135
122
68
71
27
72
58
107
104
106
58
60
62
65
67
122
124
126
132
135
122
68
71
27
72
58
107
104
110
97
1425
75
77
79
80
82
58
60
62
65
67
122
124
126
132
135
122
68
71
27
72
58
82
83
75
1427
1438
1427
1429
1430
1432
1430
1432
1430
1432
1430
1432
1430
1432
1430
1432
1430
1432
1430
1432
1430
1432
1430
1432
1430
1432
1430
1432
1430
1432
1430
1432
1430
1432
1430
1432
1430
1437
97
99
104
106
58
60
62
65
67
122
124
126
132
135
122
68
71
27
72
58
107
104
106
58
60
62
65
67
122
124
126
132
135
122
68
71
27
72
58
107
104
106
58
60
62
65
67
122
124
126
132
135
122
68
71
27
72
58
107
104
106
58
60
62
65
67
122
124
126
132
135
122
68
71
27
72
58
107
104
106
58
60
62
65
67
122
124
126
132
135
122
68
71
27
72
58
107
104
106
58
60
62
65
67
122
124
126
132
135
122
68
71
27
72
58
107
104
106
58
60
62
65
67
122
124
126
132
135
122
68
71
27
72
58
107
104
106
58
60
62
65
67
122
124
126
132
135
122
68
71
27
72
58
107
104
106
58
60
62
65
67
122
124
126
132
135
122
68
71
27
72
58
107
104
106
58
60
62
65
67
122
124
126
132
135
122
68
71
27
72
58
107
104
106
58
60
62
65
67
122
124
126
132
135
122
68
71
27
72
58
107
104
106
58
60
62
65
67
122
124
126
132
135
122
68
71
27
72
58
107
104
106
58
60
62
65
67
122
124
126
132
135
122
68
71
27
72
58
107
104
106
58
60
62
65
67
122
124
126
132
135
122
68
71
27
72
58
107
104
106
58
60
62
65
67
122
124
126
132
135
122
68
71
27
72
58
107
104
106
58
60
62
65
67
122
124
126
132
135
122
68
71
27
72
58
107
104
110
97
1427
1451
1452
1453
1471
1484
1489
1494
1502
1510
1518
1523
1528
1533
1546
1561
1581
1451
97
99
104
106
58
60
62
65
67
122
124
126
132
135
122
68
71
27
72
58
107
104
106
58
60
62
65
67
122
124
126
132
135
122
68
71
27
72
58
107
104
106
58
60
65
67
122
124
126
132
135
122
68
71
27
72
58
107
104
106
58
60
62
65
67
122
124
126
132
135
122
68
71
27
72
58
107
104
106
58
60
62
65
67
122
124
126
132
135
122
68
71
27
72
58
107
104
106
58
60
62
65
67
122
124
126
132
135
122
68
71
27
72
58
107
104
106
58
60
62
65
67
122
124
126
132
135
122
68
71
27
72
58
107
104
106
58
60
62
65
67
122
124
126
132
135
122
68
71
27
72
58
107
104
106
58
60
62
65
67
122
124
126
132
135
122
68
71
27
72
58
107
104
106
58
60
62
65
67
122
124
126
132
135
122
68
71
27
72
58
107
104
106
58
60
62
65
67
122
124
126
132
135
122
68
71
27
72
58
107
104
106
58
60
62
65
67
122
124
126
132
135
122
68
71
27
72
58
107
104
106
58
60
62
65
67
122
124
126
132
135
122
68
71
27
72
58
107
104
106
58
60
62
65
67
122
124
126
132
135
122
68
71
27
72
58
107
104
110
97
1616
1617
1618
1620
1633
1638
1653
1668
1678
1692
1702
1712
1722
1734
1747
1759
1772
1784
1796
1616
97
99
104
106
58
60
62
65
67
122
124
126
132
135
122
68
71
27
72
58
107
104
106
58
60
62
65
67
122
124
126
132
135
122
68
71
27
72
58
107
104
106
58
60
62
65
67
122
124
126
132
135
122
68
71
27
72
58
107
104
106
58
60
62
65
67
122
124
126
132
135
122
68
71
27
72
58
107
104
106
58
60
62
65
67
122
124
126
132
135
122
68
71
27
72
58
107
104
106
58
60
62
65
67
122
124
126
132
135
122
68
71
27
72
58
107
104
106
58
60
62
65
67
122
124
126
132
135
122
68
71
27
72
58
107
104
106
58
60
62
65
67
122
124
126
132
135
122
68
71
27
72
58
107
104
106
58
60
62
65
67
122
124
126
132
135
122
68
71
27
72
58
107
104
106
58
60
62
65
67
122
124
126
132
135
122
68
71
27
72
58
107
104
106
58
60
62
65
67
122
124
126
132
135
122
68
71
27
72
58
107
104
106
58
60
62
65
67
122
124
126
132
135
122
68
71
27
72
58
107
104
106
58
60
62
65
67
122
124
126
132
135
122
68
71
27
72
58
107
104
106
58
60
62
65
67
122
124
126
132
135
122
68
71
27
72
58
107
104
106
58
60
62
65
67
122
124
126
132
135
122
68
71
27
72
58
107
104
106
58
60
62
65
67
122
124
126
132
135
122
68
71
27
72
58
107
104
106
58
60
62
65
67
122
124
126
132
135
122
68
71
27
72
58
107
104
110
97
1833
75
77
88
90
75
77
79
80
82
58
60
62
65
67
122
124
126
132
135
122
68
71
27
72
58
82
83
75
91
88
90
75
77
79
80
82
58
60
62
65
67
122
124
126
132
135
122
68
71
27
72
58
82
83
75
91
88
94
75
1858
1859
1861
1863
1858
7
9
14
15
16
17
18
19
21
27
30
32
39
41
42
43
48
50
52
53
54
147
149
151
156
159
147
55
58
75
97
113
119
7
1858
2039
2040
2041
2042
2043
2044
2045
2046
2047
2048
2049
2039
202
204
475
477
482
494
511
523
475
204
209
211
209
211
209
211
209
211
209
211
209
211
209
211
209
211
209
211
209
211
209
214
202
2039
2052
2053
2054
2059
2072
2052
97
99
104
106
58
60
62
65
67
122
124
126
132
135
122
68
71
27
72
58
107
104
106
58
60
62
65
67
122
124
126
132
135
122
68
71
27
72
58
107
104
106
58
60
62
65
67
122
124
126
132
135
122
68
71
27
72
58
107
104
110
97
2150
2156
2186
7
9
14
15
16
17
18
19
21
27
30
32
39
41
42
43
48
50
52
53
54
147
149
151
156
159
147
55
58
75
97
113
119
7
2186
2187
2188
2196
2186
1266
1268
1270
1268
1270
1268
1273
1266
2218
2219
2220
2218
97
99
104
106
58
60
62
65
67
122
124
126
132
135
122
68
71
27
72
58
107
104
110
97
2280
2281
2298
2279
2324
2325
2326
2327
2333
2347
2324
2110
2112
2117
2140
2117
1266
1268
1270
1268
1270
1268
1273
1266
2117
2142
2220
2222
475
477
482
494
511
523
475
2222
2224
2226
2220
2222
475
477
482
484
490
475
2222
2232
2234
2243
2245
475
477
482
484
490
475
2245
2248
2256
2268
2269
526
529
475
477
482
484
490
475
529
531
538
541
542
543
547
552
526
2269
2270
2275
2220
2224
2226
2220
2222
475
477
482
484
490
475
2222
2232
2234
2243
2245
475
477
482
484
490
475
2245
2248
2249
2253
2196
2198
2203
2214
2203
1266
1268
1270
1268
1270
1268
1270
1268
1273
1266
2203
2196
2253
2254
2275
2220
2224
2226
2220
2222
475
477
482
484
490
475
2222
2232
2234
2243
2245
475
477
482
484
490
475
2245
2248
2249
2253
2196
2198
2203
2214
2203
1266
1268
1270
1268
1270
1268
1270
1268
1273
1266
2203
2196
2253
2254
2275
2220
2224
2226
2220
2222
475
477
482
484
490
475
2222
2232
2234
2243
2245
475
477
482
484
490
475
2245
2248
2249
2253
2196
2198
2203
2214
2203
1266
1268
1270
1268
1270
1268
1270
1268
1273
1266
2203
2196
2253
2254
2275
2220
2224
2229
2220
2144
2145
2147
2110
2324
2355
2356
2357
2359
2378
2387
2402
2418
2355
2110
2112
2117
2140
2117
1266
1268
1270
1268
1270
1268
1273
1266
2117
2142
2220
2222
475
477
482
494
511
523
475
2222
2224
2226
2220
2222
475
477
482
484
490
475
2222
2232
2234
2243
2245
475
477
482
494
511
523
475
2245
2248
2256
2257
2258
475
477
479
475
2258
2264
526
529
475
477
482
494
511
523
475
529
531
532
533
537
552
526
2264
2266
2275
2220
2224
2226
2220
2222
475
477
482
484
490
475
2222
2232
2234
2243
2245
475
477
482
484
490
475
2245
2248
2249
2253
2196
2198
2203
2214
2203
1266
1268
1270
1268
1270
1268
1270
1268
1273
1266
2203
2196
2253
2254
2275
2220
2224
2226
2220
2222
475
477
482
484
490
475
2222
2232
2234
2243
2245
475
477
482
484
490
475
2245
2248
2249
2253
2196
2198
2203
2214
2203
1266
1268
1270
1268
1270
1268
1270
1268
1273
1266
2203
2196
2253
2254
2275
2220
2224
2226
2220
2222
475
477
482
484
490
475
2222
2232
2234
2243
2245
475
477
482
484
490
475
2245
2248
2249
2253
2196
2198
2203
2214
2203
1266
1268
1270
1268
1270
1268
1270
1268
1273
1266
2203
2196
2253
2254
2275
2220
2224
2226
2220
2222
475
477
482
484
490
475
2222
2232
2234
2243
2245
475
477
482
484
490
475
2245
2248
2249
2253
2196
2198
2203
2214
2203
1266
1268
1270
1268
1270
1268
1270
1268
1273
1266
2203
2196
2253
2254
2275
2220
2224
2226
2220
2222
475
477
482
484
490
475
2222
2232
2234
2243
2245
475
477
482
484
490
475
2245
2248
2249
2253
2196
2198
2203
2214
2203
1266
1268
1270
1268
1270
1268
1270
1268
1273
1266
2203
2196
2253
2254
2275
2220
2224
2229
2220
2144
2145
2147
2110
2355
2455
2463
2464
2465
2463
2110
2112
2117
2140
2117
1266
1268
1270
1268
1270
1268
1273
1266
2117
2142
2220
2222
475
477
482
494
511
523
475
2222
2224
2226
2220
2222
475
477
482
484
490
475
2222
2232
2234
2243
2245
475
477
482
484
490
475
2245
2248
2249
2253
2196
2198
2203
2214
2203
1266
1268
1270
1268
1270
1268
1270
1268
1273
1266
2203
2196
2253
2254
2275
2220
2224
2229
2220
2144
2145
2147
2110
2463
2512
2514
2516
2518
2534
2512
7
9
14
15
16
17
18
19
21
23
30
32
39
41
42
43
45
48
50
52
53
54
147
149
151
156
159
147
55
58
75
97
113
119
7
2512
2562
2564
202
204
475
477
479
475
204
209
214
202
2564
2566
2568
2570
2572
2566
7
9
14
15
16
17
18
19
21
27
30
32
39
41
42
43
48
50
52
53
54
147
149
151
156
159
147
55
58
75
97
113
119
7
2566
2638
2639
2640
2638
7
9
14
15
16
17
18
19
21
27
30
32
39
41
42
43
48
50
58
75
97
113
119
7
2558
2681
2682
2683
2681
97
99
104
106
58
60
62
65
67
122
124
126
132
135
122
68
71
27
72
58
107
104
110
97
2708
2710
2731
2736
2741
2746
2749
2750
2763
2778
2748
2789
305
307
305
2789
2791
2746
2708
97
99
104
106
58
60
62
65
67
122
124
126
132
135
122
68
71
943
945
943
72
58
107
104
106
58
60
62
65
67
122
124
126
132
135
122
68
71
943
945
943
72
58
107
104
106
58
60
62
65
67
122
124
126
132
135
122
68
71
943
945
943
72
58
107
104
106
58
60
62
65
67
122
124
126
132
135
122
68
71
943
945
943
72
58
107
104
106
58
60
62
65
67
122
124
126
132
135
122
68
71
943
945
943
72
58
107
104
110
97
2821
2823
2824
2825
2823
97
99
104
106
58
60
62
65
67
122
124
126
132
135
122
68
71
894
896
894
72
58
107
104
110
97
2832
2833
2834
2859
2864
2832
97
99
104
106
58
60
62
65
67
122
124
126
132
135
122
68
71
894
896
894
72
58
107
104
106
58
60
62
65
67
122
124
126
132
135
122
68
71
894
896
894
72
58
107
104
106
58
60
62
65
67
122
124
126
132
135
122
68
71
894
896
894
72
58
107
104
110
97
2871
2872
2873
2878
2871
138
140
142
97
99
104
106
58
60
62
65
67
122
124
126
132
135
122
68
71
2534
2536
2537
2542
97
99
101
58
60
62
65
67
122
124
126
132
135
122
68
71
27
72
58
101
97
2534
72
58
107
104
106
58
60
62
65
67
122
124
126
132
135
122
68
71
2534
2536
2537
2542
97
99
101
58
60
62
65
67
122
124
126
132
135
122
68
71
27
72
58
101
97
2534
72
58
107
104
110
97
140
142
97
99
104
106
58
60
62
65
67
122
124
126
132
135
122
68
71
943
945
943
72
58
107
104
106
58
60
62
65
67
122
124
126
132
135
122
68
71
943
945
943
72
58
107
104
110
97
140
144
138
2902
2904
2905
2907
2912
2913
2915
2928
2971
2987
3015
3017
3023
3024
3025
3026
3027
3028
3022
3030
3031
3033
1043
1045
1047
1049
1047
1049
1047
1049
1047
1049
1047
1049
1047
1049
1047
1049
1047
1049
1047
1049
1047
1049
1047
1049
1047
1049
1047
1052
1043
3033
3035
126
128
129
1638
1640
1645
1648
1645
126
128
129
221
223
225
227
1645
1647
126
128
129
1692
1694
1696
1699
1692
129
126
1645
228
230
223
225
227
1645
1647
126
128
129
1692
1694
1696
1699
1692
129
126
1645
228
230
223
225
227
1645
1647
126
128
129
1692
1694
1696
1699
1692
129
126
1645
228
230
223
225
227
1645
1647
126
128
129
1692
1694
1696
1699
1692
129
126
1645
228
230
223
225
227
1645
1647
126
128
129
1692
1694
1696
1699
1692
129
126
1645
228
230
223
225
227
1645
1647
126
128
129
1692
1694
1696
1699
1692
129
126
1645
228
230
223
225
227
1645
1647
126
128
129
1692
1694
1696
1699
1692
129
126
1645
228
230
223
225
227
1645
1647
126
128
129
1692
1694
1696
1699
1692
129
126
1645
228
230
223
225
227
1645
1647
126
128
129
1692
1694
1696
1699
1692
129
126
1645
228
230
223
225
227
1645
1647
126
128
129
1692
1694
1696
1699
1692
129
126
1645
228
230
223
225
227
1645
1647
126
128
129
1692
1694
1696
1699
1692
129
126
1645
228
230
223
225
227
1645
1647
126
128
129
1692
1694
1696
1699
1692
129
126
1645
228
230
223
221
129
126
1650
1638
129
126
3036
126
128
129
126
128
129
126
128
129
126
128
129
126
128
129
126
128
129
126
128
129
126
128
129
126
128
129
126
128
129
126
128
129
126
128
129
126
128
129
126
3036
1043
1045
1047
1049
1047
1049
1047
1049
1047
1049
1047
1049
1047
1049
1047
1049
1047
1049
1047
1049
1047
1049
1047
1049
1047
1049
1047
1049
1047
1052
1043
3036
126
128
129
1638
1640
1645
1648
1645
126
128
129
221
223
225
227
1645
1647
126
128
129
1692
1694
1696
1699
1692
129
126
1645
228
230
223
225
227
1645
1647
126
128
129
1692
1694
1696
1699
1692
129
126
1645
228
230
223
225
227
1645
1647
126
128
129
1692
1694
1696
1699
1692
129
126
1645
228
230
223
225
227
1645
1647
126
128
129
1692
1694
1696
1699
1692
129
126
1645
228
230
223
225
227
1645
1647
126
128
129
1692
1694
1696
1699
1692
129
126
1645
228
230
223
225
227
1645
1647
126
128
129
1692
1694
1696
1699
1692
129
126
1645
228
230
223
225
227
1645
1647
126
128
129
1692
1694
1696
1699
1692
129
126
1645
228
230
223
225
227
1645
1647
126
128
129
1692
1694
1696
1699
1692
129
126
1645
228
230
223
225
227
1645
1647
126
128
129
1692
1694
1696
1699
1692
129
126
1645
228
230
223
225
227
1645
1647
126
128
129
1692
1694
1696
1699
1692
129
126
1645
228
230
223
225
227
1645
1647
126
128
129
1692
1694
1696
1699
1692
129
126
1645
228
230
223
225
227
1645
1647
126
128
129
1692
1694
1696
1699
1692
129
126
1645
228
230
223
225
227
1645
1647
126
128
129
1692
1694
1696
1699
1692
129
126
1645
228
230
223
221
129
126
1650
1638
129
126
3039
3040
3048
3069
3074
3038
3089
3091
126
128
129
221
223
225
227
3091
3093
1510
1512
1514
1512
1510
3093
3095
97
99
101
58
60
62
65
67
122
124
126
132
135
122
68
71
2534
2536
2537
2542
97
99
101
58
60
62
65
67
122
124
126
132
135
122
68
71
27
72
58
101
97
2534
72
58
101
97
3101
97
99
101
58
60
62
65
67
122
124
126
132
135
122
68
71
2534
2536
2537
2542
97
99
101
58
60
62
65
67
122
124
126
132
135
122
68
71
27
72
58
101
97
2534
72
58
101
97
3091
228
230
223
225
227
3091
3093
1510
1512
1514
1512
1510
3093
3095
97
99
101
58
60
62
65
67
122
124
126
132
135
122
68
71
2534
2536
2537
2542
97
99
101
58
60
62
65
67
122
124
126
132
135
122
68
71
27
72
58
101
97
2534
72
58
101
97
3101
97
99
101
58
60
62
65
67
122
124
126
132
135
122
68
71
2534
2536
2537
2542
97
99
101
58
60
62
65
67
122
124
126
132
135
122
68
71
27
72
58
101
97
2534
72
58
101
97
3091
228
230
223
225
227
3091
3093
1510
1512
1514
1512
1510
3093
3095
97
99
101
58
60
62
65
67
122
124
126
132
135
122
68
71
2534
2536
2537
2542
97
99
101
58
60
62
65
67
122
124
126
132
135
122
68
71
27
72
58
101
97
2534
72
58
101
97
3101
97
99
101
58
60
62
65
67
122
124
126
132
135
122
68
71
2534
2536
2537
2542
97
99
101
58
60
62
65
67
122
124
126
132
135
122
68
71
27
72
58
101
97
2534
72
58
101
97
3091
228
230
223
225
227
3091
3093
1510
1512
1514
1512
1510
3093
3095
97
99
101
58
60
62
65
67
122
124
126
132
135
122
68
71
2534
2536
2537
2542
97
99
101
58
60
62
65
67
122
124
126
132
135
122
68
71
27
72
58
101
97
2534
72
58
101
97
3101
97
99
101
58
60
62
65
67
122
124
126
132
135
122
68
71
2534
2536
2537
2542
97
99
101
58
60
62
65
67
122
124
126
132
135
122
68
71
27
72
58
101
97
2534
72
58
101
97
3091
228
230
223
225
227
3091
3093
1510
1512
1514
1512
1510
3093
3095
97
99
101
58
60
62
65
67
122
124
126
132
135
122
68
71
2534
2536
2537
2542
97
99
101
58
60
62
65
67
122
124
126
132
135
122
68
71
27
72
58
101
97
2534
72
58
101
97
3101
97
99
101
58
60
62
65
67
122
124
126
132
135
122
68
71
2534
2536
2537
2542
97
99
101
58
60
62
65
67
122
124
126
132
135
122
68
71
27
72
58
101
97
2534
72
58
101
97
3091
228
230
223
221
129
126
3108
3109
3110
3139
3153
3165
3172
3108
138
140
142
97
99
104
106
58
60
62
65
67
122
124
126
132
135
122
68
71
894
896
894
72
58
107
104
106
58
60
62
65
67
122
124
126
132
135
122
68
71
894
896
894
72
58
107
104
106
58
60
62
65
67
122
124
126
132
135
122
68
71
894
896
894
72
58
107
104
106
58
60
62
65
67
122
124
126
132
135
122
68
71
894
896
894
72
58
107
104
106
58
60
62
65
67
122
124
126
132
135
122
68
71
894
896
894
72
58
107
104
110
97
140
142
97
99
104
106
58
60
62
65
67
122
124
126
132
135
122
68
71
943
945
943
72
58
107
104
106
58
60
62
65
67
122
124
126
132
135
122
68
71
943
945
943
72
58
107
104
106
58
60
62
65
67
122
124
126
132
135
122
68
71
943
945
943
72
58
107
104
106
58
60
62
65
67
122
124
126
132
135
122
68
71
943
945
943
72
58
107
104
106
58
60
62
65
67
122
124
126
132
135
122
68
71
943
945
943
72
58
107
104
110
97
140
144
138
3181
3110
3113
3115
3116
3127
3129
3136
3110
2902
3185
3186
3187
3251
3291
3301
3338
3353
3185
138
140
142
97
99
104
106
58
60
62
65
67
122
124
126
132
135
122
68
71
894
896
894
72
58
107
104
106
58
60
62
65
67
122
124
126
132
135
122
68
71
894
896
894
72
58
107
104
106
58
60
62
65
67
122
124
126
132
135
122
68
71
894
896
894
72
58
107
104
106
58
60
62
65
67
122
124
126
132
135
122
68
71
894
896
894
72
58
107
104
106
58
60
62
65
67
122
124
126
132
135
122
68
71
894
896
894
72
58
107
104
106
58
60
62
65
67
122
124
126
132
135
122
68
71
894
896
894
72
58
107
104
110
97
140
142
97
99
104
106
58
60
62
65
67
122
124
126
132
135
122
68
71
943
945
943
72
58
107
104
106
58
60
62
65
67
122
124
126
132
135
122
68
71
943
945
943
72
58
107
104
106
58
60
62
65
67
122
124
126
132
135
122
68
71
943
945
943
72
58
107
104
106
58
60
62
65
67
122
124
126
132
135
122
68
71
943
945
943
72
58
107
104
106
58
60
62
65
67
122
124
126
132
135
122
68
71
943
945
943
72
58
107
104
106
58
60
62
65
67
122
124
126
132
135
122
68
71
943
945
943
72
58
107
104
110
97
140
144
138
3383
3384
3385
3386
3387
3388
3389
3390
3382
3393
3395
3410
3411
3413
3414
3415
3412
3418
3419
3420
3417
3423
3424
3422
3410
202
204
475
477
482
494
511
523
475
204
209
211
209
211
209
211
209
214
202
3410
3393
3440
3441
3439
3450
3452
3464
3187
3189
3153
3155
2915
2917
2919
2921
2924
2915
3155
3157
3159
3162
416
418
420
422
416
3162
3153
3189
3191
3193
3197
1075
1077
1075
3197
3201
3202
1678
1680
1686
1678
3202
3203
3223
3227
3229
3231
3243
3110
3113
3124
3127
3129
3136
3110
3246
3248
3187
3466
3487
3503
3187
3189
3153
3155
2915
2917
2919
2921
2924
2915
3155
3157
3159
3162
416
418
420
422
416
3162
3153
3189
3191
3193
3197
1075
1077
1075
3197
3201
3202
1678
1680
1686
1678
3202
3203
3223
3227
3229
3231
3243
3110
3113
3124
3127
3129
3136
3110
3246
3248
3187
3450
13
3187
3189
3153
3155
2915
2917
2919
2924
2915
3155
3157
3162
416
418
420
422
416
3162
3153
3189
3191
3193
3197
1075
1077
1075
3197
3201
3202
1678
1680
1682
1678
3202
3203
3205
3207
3441
3443
3441
3209
3221
3223
3227
3229
3246
3248
3187
3225
3452
3454
3459
3460
3338
3340
3153
3155
2915
2917
2919
2924
2915
3155
3157
3162
416
418
420
422
416
3162
3153
3340
3341
3343
3338
3461
3338
3340
3153
3155
2915
2917
2919
2924
2915
3155
3157
3162
416
418
420
422
416
3162
3153
3340
3341
3345
3348
3345
3347
1275
1277
1278
1283
1275
3347
1283
1285
1286
1292
1293
1299
1301
126
128
129
126
1301
1304
1318
1329
1334
1338
1342
1318
1320
1322
1324
1327
13
14
15
13
1327
1318
1342
1283
3345
3350
3338
3452
3225
3452
3454
3456
3452
3225