1
3
90
112
123
166
185
265
267
1
3
79
87
5
10
11
12
13
14
15
17
19
21
23
24
26
28
30
31
34
46
66
76
87
88
5
10
11
12
13
14
15
17
19
21
23
24
26
28
30
31
34
46
66
76
88
90
91
92
94
5
10
11
12
13
14
15
17
19
21
23
24
26
28
30
31
34
46
66
76
94
110
48
50
51
53
36
38
41
17
41
43
53
54
110
112
123
137
166
167
168
170
175
5
10
11
12
13
14
15
17
19
21
23
24
26
28
30
31
34
46
66
76
175
181
183
172
114
115
117
115
117
120
172
183
185
186
187
189
194
5
10
11
12
13
14
15
17
19
21
23
24
26
28
30
31
34
46
66
76
194
200
202
191
114
115
117
115
117
120
191
202
205
206
207
68
70
68
70
36
38
41
17
41
43
70
73
207
213
214
215
68
70
68
70
36
38
41
17
41
43
70
73
215
244
245
246
68
70
68
70
36
38
41
17
41
43
70
73
246
252
48
58
60
58
60
48
50
51
58
60
63
60
58
60
48
50
51
58
60
63
60
63
252
254
256
257
258
68
70
68
70
36
38
41
177
41
43
70
73
258
265
267
279
280
281
290
297
309
341
81
83
68
70
68
70
36
38
41
177
41
43
70
68
70
36
38
41
177
41
43
70
68
70
36
38
41
177
41
43
70
68
70
36
38
41
177
41
43
70
68
70
36
38
41
177
41
43
70
73
83
81
83
68
70
68
70
36
38
41
196
41
43
70
68
70
36
38
41
196
41
43
70
68
70
36
38
41
196
41
43
70
68
70
36
38
41
196
41
43
70
68
70
36
38
41
196
41
43
70
73
83
81
84
341
358
360
96
101
103
106
360
362
311
299
269
271
273
276
299
301
303
306
123
125
127
129
306
311
313
315
318
209
318
322
324
248
324
326
331
333
283
285
287
333
336
338
362
365
12
311
299
269
271
276
299
301
306
123
125
127
129
306
311
313
315
318
209
318
322
324
248
324
326
331
336
338
12
15
328
364
343
299
269
271
276
299
301
306
123
125
127
129
306
343
345
349
352
351
217
219
221
240
351
221
223
225
237
227
229
231
234
13
14
234
237
351
352
354
364
328